train_loss:[1.1132583618164062, 1.0996098518371582, 1.0994348526000977, 1.1019152402877808, 1.0965009927749634]
train_acc:[0.3125, 0.34375, 0.3125, 0.28125, 0.34375]
test_loss:[1.1013891696929932, 1.0994577407836914, 1.0991979837417603, 1.099245309829712, 1.0995328426361084]
test_acc:[0.3333333333333333, 0.3333333333333333, 0.3333333333333333, 0.3333333333333333, 0.3333333333333333]
