train_loss:[1.118252158164978, 1.101571003595988, 1.0994778474171956, 1.0994852781295776, 1.0963484446207683]
train_acc:[0.3333333333333333, 0.3333333333333333, 0.3333333333333333, 0.375, 0.3333333333333333]
test_loss:[1.053600788116455, 1.075981855392456, 1.090344786643982, 1.0899659395217896, 1.0914020538330078]
test_acc:[0.625, 0.625, 0.75, 0.625, 0.625]
